2
3
4
34
32
48
37
35
67
69
49
72
103
78
70
208
220
86
222
218
83
85
53
97
214
233
91
58
74
76
215
237
155
59
15
108
216
117
119
156
138
150
109
175
256
124
141
143
151
239
44
257
56
187
52
64
62
45
5
60
33
1
47
30
68
36
77
50
107
71
221
102
84
219
213
54
57
96
75
232
238
73
106
217
118
14
139
116
241
125
142
174
240
140
55
188
63
51
61
224
225
189
190
191
192
206
207
226
227
228
229
159
184
245
246
247
248
194
195
196
197
198
199
200
98
99
104
105
114
115
130
153
38
40
171
236
169
212
16
120
7
145
128
41
180
178
252
10
242
183
19
13
121
111
101
146
29
27
181
112
81
11
148
133
24
176
202
79
152
113
39
149
235
129
211
8
94
170
144
165
179
243
9
127
18
147
110
182
28
12
82
100
134
177
193
80
131
201
210
249
250
251
253
25
135
136
137
172
173
230
231
186
244
254
255
234
203
204
205
209
42
43
46
223
89
90
